[gd_scene format=3 uid="uid://bx43km12ttdh7"]

[ext_resource type="PackedScene" uid="uid://b30cvygylg06y" path="res://Meshes/Environment/island.tscn" id="1_81xng"]
[ext_resource type="Material" uid="uid://5rc35qj46kdi" path="res://Materials/Environment/WaterMaterial.tres" id="2_wqkje"]
[ext_resource type="Script" uid="uid://xx6c2lxcqui5" path="res://scripts/menus/pause.gd" id="4_8c0lf"]
[ext_resource type="Script" uid="uid://dc5p2xegeflhu" path="res://scripts/CharacterSpawn.gd" id="5_wqkje"]
[ext_resource type="PackedScene" uid="uid://0osk4enntstu" path="res://Meshes/Environment/grass.tscn" id="6_0f350"]
[ext_resource type="PackedScene" uid="uid://chtivyi5311go" path="res://Meshes/Environment/pine.tscn" id="6_8c0lf"]
[ext_resource type="Script" uid="uid://k08lpf51ow3s" path="res://Classes/interactable.gd" id="7_8c0lf"]
[ext_resource type="PackedScene" uid="uid://k7vxm4vdn0mp" path="res://Scenes/trash.tscn" id="8_bvt00"]
[ext_resource type="Script" uid="uid://dpe8lt65jgp8j" path="res://Classes/trash_spawner.gd" id="9_oqgf2"]
[ext_resource type="Script" uid="uid://cptveddrdlrvs" path="res://Classes/difficulty_manager.gd" id="10_oqgf2"]

[sub_resource type="ProceduralSkyMaterial" id="ProceduralSkyMaterial_81xng"]
sky_horizon_color = Color(0.66224277, 0.6717428, 0.6867428, 1)
ground_horizon_color = Color(0.66224277, 0.6717428, 0.6867428, 1)

[sub_resource type="Sky" id="Sky_wqkje"]
sky_material = SubResource("ProceduralSkyMaterial_81xng")

[sub_resource type="Environment" id="Environment_0f350"]
background_mode = 2
sky = SubResource("Sky_wqkje")
tonemap_mode = 2

[sub_resource type="PlaneMesh" id="PlaneMesh_oi3di"]

[sub_resource type="BoxShape3D" id="BoxShape3D_0f350"]

[sub_resource type="BoxMesh" id="BoxMesh_8c0lf"]

[node name="Level" type="Node3D" unique_id=1258456081]

[node name="Pause" type="Control" parent="." unique_id=236227107]
layout_mode = 3
anchors_preset = 15
anchor_right = 1.0
anchor_bottom = 1.0
grow_horizontal = 2
grow_vertical = 2
script = ExtResource("4_8c0lf")

[node name="ColorRect" type="ColorRect" parent="Pause" unique_id=1901132057]
layout_mode = 0
offset_right = 1152.0
offset_bottom = 646.0
color = Color(1, 1, 1, 0.10980392)

[node name="HBoxContainer" type="HBoxContainer" parent="Pause" unique_id=42370978]
layout_mode = 1
anchors_preset = 8
anchor_left = 0.5
anchor_top = 0.5
anchor_right = 0.5
anchor_bottom = 0.5
offset_left = -36.5
offset_top = -29.0
offset_right = 36.5
offset_bottom = 29.0
grow_horizontal = 2
grow_vertical = 2

[node name="VBoxContainer" type="VBoxContainer" parent="Pause/HBoxContainer" unique_id=1799481635]
layout_mode = 2

[node name="Label" type="Label" parent="Pause/HBoxContainer/VBoxContainer" unique_id=2123563207]
layout_mode = 2
text = "Pause"
horizontal_alignment = 1

[node name="BResume" type="Button" parent="Pause/HBoxContainer/VBoxContainer" unique_id=1364589718]
layout_mode = 2
size_flags_vertical = 4
text = "Resume"

[node name="BMainM" type="Button" parent="Pause/HBoxContainer/VBoxContainer" unique_id=807335636]
layout_mode = 2
size_flags_vertical = 4
text = "Main Menu"

[node name="BQuit" type="Button" parent="Pause/HBoxContainer/VBoxContainer" unique_id=800992438]
layout_mode = 2
size_flags_vertical = 4
text = "Quit"

[node name="WorldEnvironment" type="WorldEnvironment" parent="." unique_id=552202881]
environment = SubResource("Environment_0f350")

[node name="DirectionalLight3D" type="DirectionalLight3D" parent="." unique_id=1130574555]
transform = Transform3D(-0.8660254, -0.43301278, 0.25, 0, 0.49999997, 0.86602545, -0.50000006, 0.75, -0.43301266, 0, 0, 0)
shadow_enabled = true

[node name="Island" parent="." unique_id=450376034 instance=ExtResource("1_81xng")]
transform = Transform3D(1, 0, 0, 0, 1, 0, 0, 0, 1, 0.03788328, -3, -0.02200222)

[node name="Water" type="MeshInstance3D" parent="." unique_id=381584110]
transform = Transform3D(100, 0, 0, 0, 100, 0, 0, 0, 100, 0, 0, 0)
mesh = SubResource("PlaneMesh_oi3di")
surface_material_override/0 = ExtResource("2_wqkje")

[node name="Trees" type="Node3D" parent="." unique_id=331141048]
transform = Transform3D(1, 0, 0, 0, 1, 0, 0, 0, 1, 0, -3, 0)

[node name="Pine" parent="Trees" unique_id=1002661416 groups=["World"] instance=ExtResource("6_8c0lf")]
transform = Transform3D(1, 0, 0, 0, 1, 0, 0, 0, 1, 0.12790012, 4.000001, -3.0293345)

[node name="Pine2" parent="Trees" unique_id=724364540 groups=["World"] instance=ExtResource("6_8c0lf")]
transform = Transform3D(1, 0, 0, 0, 1, 0, 0, 0, 1, -5.7208486, 4.000001, 6.731152)

[node name="Pine3" parent="Trees" unique_id=1423796668 groups=["World"] instance=ExtResource("6_8c0lf")]
transform = Transform3D(1, 0, 0, 0, 1, 0, 0, 0, 1, -11.405708, 4.000001, 1.070252)

[node name="Pine4" parent="Trees" unique_id=2065936311 groups=["World"] instance=ExtResource("6_8c0lf")]
transform = Transform3D(1, 0, 0, 0, 1, 0, 0, 0, 1, -0.9650812, 4.000001, 13.713421)

[node name="Pine6" parent="Trees" unique_id=771014184 groups=["World"] instance=ExtResource("6_8c0lf")]
transform = Transform3D(1, 0, 0, 0, 1, 0, 0, 0, 1, 8.072135, 4, -8.069239)

[node name="Pine7" parent="Trees" unique_id=440329145 groups=["World"] instance=ExtResource("6_8c0lf")]
transform = Transform3D(1, 0, 0, 0, 1, 0, 0, 0, 1, -5.9956045, 4, -11.953719)

[node name="Pine5" parent="Trees" unique_id=521014616 groups=["World"] instance=ExtResource("6_8c0lf")]
transform = Transform3D(1, 0, 0, 0, 1, 0, 0, 0, 1, 7.4096603, 4.000001, 4.926481)

[node name="CharacterSpawn" type="Node3D" parent="." unique_id=78190521]
transform = Transform3D(1, 0, 0, 0, 1, 0, 0, 0, 1, 7.7848845, 1, 9.522965)
script = ExtResource("5_wqkje")
metadata/_custom_type_script = "uid://dc5p2xegeflhu"

[node name="Grasses" type="Node3D" parent="." unique_id=518746807]
transform = Transform3D(1, 0, 0, 0, 1, 0, 0, 0, 1, 0, -3, 0)

[node name="Grass" parent="Grasses" unique_id=297373997 instance=ExtResource("6_0f350")]
transform = Transform3D(1, 0, 0, 0, 1, 0, 0, 0, 1, 0.7336612, 4.0099115, 6.13331)

[node name="Grass2" parent="Grasses" unique_id=165708912 instance=ExtResource("6_0f350")]
transform = Transform3D(1, 0, 0, 0, 1, 0, 0, 0, 1, 3.6688707, 4.0099115, 7.1850867)

[node name="Grass3" parent="Grasses" unique_id=948230207 instance=ExtResource("6_0f350")]
transform = Transform3D(1, 0, 0, 0, 1, 0, 0, 0, 1, 4.9466705, 4.0099115, 10.585825)

[node name="Grass4" parent="Grasses" unique_id=603586673 instance=ExtResource("6_0f350")]
transform = Transform3D(1, 0, 0, 0, 1, 0, 0, 0, 1, 2.6155908, 4.0099115, 12.298544)

[node name="Grass5" parent="Grasses" unique_id=1652903605 instance=ExtResource("6_0f350")]
transform = Transform3D(1, 0, 0, 0, 1, 0, 0, 0, 1, 5.537511, 4.0099115, 8.173214)

[node name="Grass6" parent="Grasses" unique_id=1258163036 instance=ExtResource("6_0f350")]
transform = Transform3D(1, 0, 0, 0, 1, 0, 0, 0, 1, 0.43837523, 4.0099115, 9.682433)

[node name="Grass7" parent="Grasses" unique_id=479624098 instance=ExtResource("6_0f350")]
transform = Transform3D(1, 0, 0, 0, 1, 0, 0, 0, 1, 4.033337, 4.0099115, 3.8841648)

[node name="Grass8" parent="Grasses" unique_id=159722903 instance=ExtResource("6_0f350")]
transform = Transform3D(1, 0, 0, 0, 1, 0, 0, 0, 1, -2.1003249, 4.0099115, 8.223879)

[node name="Grass17" parent="Grasses" unique_id=1793612349 instance=ExtResource("6_0f350")]
transform = Transform3D(-0.08593858, 0, -0.99630046, 0, 1, 0, 0.99630046, 0, -0.08593858, -4.03119, 4.009912, -2.2722557)

[node name="Grass18" parent="Grasses" unique_id=1276794280 instance=ExtResource("6_0f350")]
transform = Transform3D(-0.08593858, 0, -0.99630046, 0, 1, 0, 0.99630046, 0, -0.08593858, -5.3313236, 4.009912, 0.5617063)

[node name="Grass19" parent="Grasses" unique_id=1374121241 instance=ExtResource("6_0f350")]
transform = Transform3D(-0.08593858, 0, -0.99630046, 0, 1, 0, 0.99630046, 0, -0.08593858, -8.829292, 4.009912, 1.5425241)

[node name="Grass20" parent="Grasses" unique_id=621946985 instance=ExtResource("6_0f350")]
transform = Transform3D(-0.08593858, 0, -0.99630046, 0, 1, 0, 0.99630046, 0, -0.08593858, -10.335346, 4.009912, -0.9271201)

[node name="Grass21" parent="Grasses" unique_id=1554551115 instance=ExtResource("6_0f350")]
transform = Transform3D(-0.08593858, 0, -0.99630046, 0, 1, 0, 0.99630046, 0, -0.08593858, -6.476383, 4.009912, 2.338515)

[node name="Grass22" parent="Grasses" unique_id=239095357 instance=ExtResource("6_0f350")]
transform = Transform3D(-0.08593858, 0, -0.99630046, 0, 1, 0, 0.99630046, 0, -0.08593858, -7.5418067, 4.009912, -2.8714561)

[node name="Grass23" parent="Grasses" unique_id=429325446 instance=ExtResource("6_0f350")]
transform = Transform3D(-0.08593858, 0, -0.99630046, 0, 1, 0, 0.99630046, 0, -0.08593858, -2.073935, 4.009912, 1.2085007)

[node name="Grass41" parent="Grasses" unique_id=611018028 instance=ExtResource("6_0f350")]
transform = Transform3D(-0.9696761, 0, 0.24439353, 0, 1, 0, -0.24439353, 0, -0.9696761, -9.39397, 4.009912, -9.273313)

[node name="Grass47" parent="Grasses" unique_id=1694364953 instance=ExtResource("6_0f350")]
transform = Transform3D(-0.9696761, 0, 0.24439353, 0, 1, 0, -0.24439353, 0, -0.9696761, -13.23549, 4.009912, -5.987176)

[node name="Grass48" parent="Grasses" unique_id=1444056322 instance=ExtResource("6_0f350")]
transform = Transform3D(-0.9696761, 0, 0.24439353, 0, 1, 0, -0.24439353, 0, -0.9696761, -7.9221363, 4.009912, -6.2044334)

[node name="Grass49" parent="Grasses" unique_id=61600228 instance=ExtResource("6_0f350")]
transform = Transform3D(-0.9696761, 0, 0.24439353, 0, 1, 0, -0.24439353, 0, -0.9696761, -12.825144, 4.009912, -1.4605765)

[node name="Grass24" parent="Grasses" unique_id=1182933152 instance=ExtResource("6_0f350")]
transform = Transform3D(-0.08593858, 0, -0.99630046, 0, 1, 0, 0.99630046, 0, -0.08593858, -5.8704762, 4.009912, -5.2754183)

[node name="Grass25" parent="Grasses" unique_id=1920595855 instance=ExtResource("6_0f350")]
transform = Transform3D(-0.08593858, 0, -0.99630046, 0, 1, 0, 0.99630046, 0, -0.08593858, 1.0958099, 4.0099115, -11.504916)

[node name="Grass26" parent="Grasses" unique_id=1663511436 instance=ExtResource("6_0f350")]
transform = Transform3D(-0.08593858, 0, -0.99630046, 0, 1, 0, 0.99630046, 0, -0.08593858, -0.20432377, 4.0099115, -8.670954)

[node name="Grass27" parent="Grasses" unique_id=1607281352 instance=ExtResource("6_0f350")]
transform = Transform3D(-0.08593858, 0, -0.99630046, 0, 1, 0, 0.99630046, 0, -0.08593858, -3.7022924, 4.0099115, -7.690136)

[node name="Grass28" parent="Grasses" unique_id=365981671 instance=ExtResource("6_0f350")]
transform = Transform3D(-0.08593858, 0, -0.99630046, 0, 1, 0, 0.99630046, 0, -0.08593858, -5.2083464, 4.0099115, -10.1597805)

[node name="Grass29" parent="Grasses" unique_id=822208377 instance=ExtResource("6_0f350")]
transform = Transform3D(-0.08593858, 0, -0.99630046, 0, 1, 0, 0.99630046, 0, -0.08593858, -1.3493834, 4.0099115, -6.894145)

[node name="Grass30" parent="Grasses" unique_id=329955228 instance=ExtResource("6_0f350")]
transform = Transform3D(-0.08593858, 0, -0.99630046, 0, 1, 0, 0.99630046, 0, -0.08593858, -2.4148068, 4.0099115, -12.104116)

[node name="Grass31" parent="Grasses" unique_id=980872018 instance=ExtResource("6_0f350")]
transform = Transform3D(-0.08593858, 0, -0.99630046, 0, 1, 0, 0.99630046, 0, -0.08593858, 3.0530648, 4.0099115, -8.024159)

[node name="Grass32" parent="Grasses" unique_id=1805325355 instance=ExtResource("6_0f350")]
transform = Transform3D(-0.08593858, 0, -0.99630046, 0, 1, 0, 0.99630046, 0, -0.08593858, -0.7434764, 4.0099115, -14.508079)

[node name="Grass9" parent="Grasses" unique_id=81775050 instance=ExtResource("6_0f350")]
transform = Transform3D(0.68266183, 0, 0.7307344, 0, 1, 0, -0.7307344, 0, 0.68266183, 3.4135847, 4.0099115, -1.278902)

[node name="Grass10" parent="Grasses" unique_id=1447983494 instance=ExtResource("6_0f350")]
transform = Transform3D(0.68266183, 0, 0.7307344, 0, 1, 0, -0.7307344, 0, 0.68266183, 6.1859097, 4.0099115, -2.7057528)

[node name="Grass11" parent="Grasses" unique_id=537299515 instance=ExtResource("6_0f350")]
transform = Transform3D(0.68266183, 0, 0.7307344, 0, 1, 0, -0.7307344, 0, 0.68266183, 12.9283905, 4.0099115, -0.41409588)

[node name="Grass12" parent="Grasses" unique_id=1654856084 instance=ExtResource("6_0f350")]
transform = Transform3D(0.68266183, 0, 0.7307344, 0, 1, 0, -0.7307344, 0, 0.68266183, 9.203455, 4.0099115, 1.5546768)

[node name="Grass13" parent="Grasses" unique_id=1447729740 instance=ExtResource("6_0f350")]
transform = Transform3D(0.68266183, 0, 0.7307344, 0, 1, 0, -0.7307344, 0, 0.68266183, 11.704132, 4.0099115, -3.3045592)

[node name="Grass14" parent="Grasses" unique_id=441884649 instance=ExtResource("6_0f350")]
transform = Transform3D(0.68266183, 0, 0.7307344, 0, 1, 0, -0.7307344, 0, 0.68266183, 5.325067, 4.0099115, 2.2140841)

[node name="Grass15" parent="Grasses" unique_id=909524604 instance=ExtResource("6_0f350")]
transform = Transform3D(0.68266183, 0, 0.7307344, 0, 1, 0, -0.7307344, 0, 0.68266183, 4.02262, 4.0099115, -5.2254944)

[node name="Grass16" parent="Grasses" unique_id=411089537 instance=ExtResource("6_0f350")]
transform = Transform3D(0.68266183, 0, 0.7307344, 0, 1, 0, -0.7307344, 0, 0.68266183, 3.0065813, 4.0099115, 2.2191405)

[node name="Grass33" parent="Grasses" unique_id=680228227 instance=ExtResource("6_0f350")]
transform = Transform3D(0.5784557, 0, -0.8157138, 0, 1, 0, 0.8157138, 0, 0.5784557, 11.171774, 4.0099115, 4.451844)

[node name="Grass34" parent="Grasses" unique_id=407512488 instance=ExtResource("6_0f350")]
transform = Transform3D(0.5784557, 0, -0.8157138, 0, 1, 0, 0.8157138, 0, 0.5784557, 7.5705156, 4.0099115, 10.595432)

[node name="Grass35" parent="Grasses" unique_id=1145258932 instance=ExtResource("6_0f350")]
transform = Transform3D(0.5784557, 0, -0.8157138, 0, 1, 0, 0.8157138, 0, 0.5784557, 6.3913803, 4.0099115, 6.5505776)

[node name="Grass36" parent="Grasses" unique_id=120076140 instance=ExtResource("6_0f350")]
transform = Transform3D(0.5784557, 0, -0.8157138, 0, 1, 0, 0.8157138, 0, 0.5784557, 10.648178, 4.0099115, 9.977711)

[node name="Grass37" parent="Grasses" unique_id=993697691 instance=ExtResource("6_0f350")]
transform = Transform3D(0.5784557, 0, -0.8157138, 0, 1, 0, 0.8157138, 0, 0.5784557, 6.525712, 4.0099115, 2.6188266)

[node name="Grass38" parent="Grasses" unique_id=978567782 instance=ExtResource("6_0f350")]
transform = Transform3D(0.5784557, 0, -0.8157138, 0, 1, 0, 0.8157138, 0, 0.5784557, 13.153416, 4.0099115, 2.8397079)

[node name="Grass39" parent="Grasses" unique_id=437498449 instance=ExtResource("6_0f350")]
transform = Transform3D(0.5784557, 0, -0.8157138, 0, 1, 0, 0.8157138, 0, 0.5784557, 6.9871936, 4.0099115, 0.3467269)

[node name="Grass40" parent="Grasses" unique_id=1254349817 instance=ExtResource("6_0f350")]
transform = Transform3D(0.5784557, 0, -0.8157138, 0, 1, 0, 0.8157138, 0, 0.5784557, -4.6421547, 4.0099106, 6.1467957)

[node name="Grass42" parent="Grasses" unique_id=935863654 instance=ExtResource("6_0f350")]
transform = Transform3D(0.5784557, 0, -0.8157138, 0, 1, 0, 0.8157138, 0, 0.5784557, -9.422548, 4.0099106, 8.245529)

[node name="Grass43" parent="Grasses" unique_id=1682238336 instance=ExtResource("6_0f350")]
transform = Transform3D(0.5784557, 0, -0.8157138, 0, 1, 0, 0.8157138, 0, 0.5784557, -5.1657505, 4.0099106, 11.672663)

[node name="Grass44" parent="Grasses" unique_id=707277071 instance=ExtResource("6_0f350")]
transform = Transform3D(0.5784557, 0, -0.8157138, 0, 1, 0, 0.8157138, 0, 0.5784557, -9.288217, 4.0099106, 4.313778)

[node name="Grass45" parent="Grasses" unique_id=1172691617 instance=ExtResource("6_0f350")]
transform = Transform3D(0.5784557, 0, -0.8157138, 0, 1, 0, 0.8157138, 0, 0.5784557, -1.7387199, 4.0099106, 4.5346594)

[node name="Grass46" parent="Grasses" unique_id=338438352 instance=ExtResource("6_0f350")]
transform = Transform3D(0.5784557, 0, -0.8157138, 0, 1, 0, 0.8157138, 0, 0.5784557, -8.826735, 4.0099106, 2.0416784)

[node name="Interactable" type="StaticBody3D" parent="." unique_id=732951138]
transform = Transform3D(1, 0, 0, 0, 1, 0, 0, 0, 1, 0, -3, 0)
script = ExtResource("7_8c0lf")
metadata/_custom_type_script = "uid://k08lpf51ow3s"

[node name="CollisionShape3D" type="CollisionShape3D" parent="Interactable" unique_id=838752555]
transform = Transform3D(1, 0, 0, 0, 1, 0, 0, 0, 1, 0, 4.5, 0)
shape = SubResource("BoxShape3D_0f350")

[node name="MeshInstance3D" type="MeshInstance3D" parent="Interactable" unique_id=490298340]
transform = Transform3D(1, 0, 0, 0, 1, 0, 0, 0, 1, 0, 4.5, 0)
mesh = SubResource("BoxMesh_8c0lf")

[node name="TrashSpawner" type="Node3D" parent="." unique_id=1850962870 node_paths=PackedStringArray("trash")]
unique_name_in_owner = true
script = ExtResource("9_oqgf2")
trash = [NodePath("../Trash")]
metadata/_custom_type_script = "uid://dpe8lt65jgp8j"

[node name="DifficultyManager" type="Node" parent="." unique_id=787017695]
unique_name_in_owner = true
script = ExtResource("10_oqgf2")
metadata/_custom_type_script = "uid://cptveddrdlrvs"

[node name="Trash" parent="." unique_id=108464442 instance=ExtResource("8_bvt00")]
stored_energy = 5.0

[connection signal="button_down" from="Pause/HBoxContainer/VBoxContainer/BResume" to="Pause" method="_pause"]
[connection signal="button_down" from="Pause/HBoxContainer/VBoxContainer/BMainM" to="Pause" method="_main_menu"]
[connection signal="button_down" from="Pause/HBoxContainer/VBoxContainer/BQuit" to="Pause" method="_quit"]
